4323 
4004 
4070 
1780 
5899 
1912 
2796 
5743 
3008 
1703 
4870 
5048 
2485 
1204 
 
sum = 48845
30180 
 
sum = 30180
33734 
19662 
 
sum = 53396
2402 
4395 
2703 
1562 
2407 
3393 
4311 
1314 
2729 
2225 
4420 
4136 
2867 
1032 
2095 
 
sum = 41991
7366 
3496 
6177 
1426 
4750 
2655 
3194 
4240 
4024 
3510 
2606 
2335 
 
sum = 45779
1524 
17720 
23749 
 
sum = 42993
2549 
1945 
3392 
4965 
5601 
4725 
1462 
1470 
2988 
5339 
1620 
6098 
4447 
5115 
4102 
 
sum = 55818
2729 
4836 
10723 
6705 
2278 
3290 
2735 
1813 
 
sum = 35109
10285 
2302 
6970 
10710 
8791 
5575 
9765 
2167 
 
sum = 56565
1081 
6290 
3701 
2457 
9551 
9625 
3870 
8433 
5653 
 
sum = 50661
5647 
2342 
5549 
2861 
4081 
3166 
1902 
3217 
3255 
4353 
1752 
2491 
3271 
4239 
5744 
 
sum = 53870
14082 
 
sum = 14082
24855 
23123 
18215 
 
sum = 66193
9650 
5995 
11848 
1258 
10354 
5948 
9052 
 
sum = 54105
5347 
7820 
4620 
4217 
2686 
7163 
4911 
8538 
6851 
8342 
 
sum = 60495
6323 
3157 
6939 
3400 
5297 
6815 
1476 
2440 
5816 
6400 
4198 
2356 
 
sum = 54617
6537 
2596 
5678 
7605 
1882 
4329 
7488 
6548 
3687 
2827 
1461 
 
sum = 50638
4933 
4880 
1169 
4190 
5993 
5452 
5131 
3310 
5996 
2670 
1972 
4666 
3296 
3978 
4119 
 
sum = 61755
1372 
2160 
1268 
3378 
5672 
2384 
2772 
2513 
3534 
1372 
4691 
4311 
3016 
5941 
5035 
 
sum = 49419
3644 
2169 
5597 
1874 
1841 
1794 
2331 
4907 
1607 
3104 
1893 
2026 
4297 
4078 
 
sum = 41162
7561 
8745 
10249 
2438 
4872 
5647 
7849 
6634 
 
sum = 53995
21402 
34212 
 
sum = 55614
2268 
2107 
3715 
6236 
3881 
6741 
6475 
2999 
4231 
3936 
4840 
 
sum = 47429
2318 
5735 
19378 
7775 
 
sum = 35206
1848 
12168 
 
sum = 14016
3324 
5284 
6502 
5135 
2887 
5849 
4107 
1065 
1236 
1572 
5308 
2337 
5741 
1705 
 
sum = 52052
4445 
3494 
4890 
3522 
3456 
3218 
7020 
3640 
4653 
4794 
6003 
4552 
 
sum = 53687
13971 
2866 
14359 
1749 
2761 
 
sum = 35706
8963 
2088 
6758 
16065 
4613 
 
sum = 38487
8406 
3200 
4467 
5892 
6549 
6360 
7789 
1592 
5334 
5007 
 
sum = 54596
9335 
9406 
12089 
10628 
8080 
1841 
6973 
 
sum = 58352
7553 
10626 
8661 
1747 
4561 
10772 
 
sum = 43920
3487 
2524 
2696 
4140 
4367 
2367 
6005 
2465 
2360 
3447 
1242 
6378 
4295 
 
sum = 45773
23471 
14744 
19137 
 
sum = 57352
15284 
10987 
1491 
17669 
 
sum = 45431
2182 
5750 
7466 
1965 
1274 
5648 
7230 
6127 
7768 
5246 
2758 
 
sum = 53414
7451 
6614 
6538 
6789 
 
sum = 27392
7381 
6243 
3806 
4838 
5163 
2962 
6748 
1982 
1049 
5178 
6590 
3739 
 
sum = 55679
1598 
4645 
5128 
3838 
4383 
2742 
1654 
2272 
5518 
1599 
2948 
 
sum = 36325
6939 
6508 
4072 
2196 
3589 
1905 
2221 
6003 
6090 
3612 
1791 
5525 
4015 
 
sum = 54466
27936 
 
sum = 27936
1695 
5271 
5888 
3809 
4023 
4690 
 
sum = 25376
4147 
14521 
18575 
11452 
 
sum = 48695
2886 
3542 
4260 
5414 
4207 
6920 
3285 
4103 
2480 
5378 
5062 
2587 
1473 
 
sum = 51597
6375 
5824 
2640 
1315 
8095 
1743 
3695 
7109 
 
sum = 36796
5281 
2346 
4972 
4967 
6804 
1448 
9301 
1234 
 
sum = 36353
52340 
 
sum = 52340
5369 
5911 
3839 
6600 
4474 
1724 
3595 
3585 
3513 
7336 
2277 
4851 
 
sum = 53074
7017 
12732 
9304 
12136 
6256 
12880 
 
sum = 60325
3559 
2147 
4293 
1481 
4349 
5624 
3611 
5194 
4575 
1662 
6141 
5599 
1199 
5901 
 
sum = 55335
29966 
20696 
 
sum = 50662
3317 
4398 
1493 
1730 
2417 
1597 
5310 
5163 
4484 
5160 
1890 
5695 
4027 
4393 
 
sum = 51074
13693 
6774 
7495 
9515 
9103 
12116 
 
sum = 58696
10203 
26377 
 
sum = 36580
6056 
5189 
3946 
3696 
4086 
6017 
7008 
5212 
2740 
7433 
3303 
6170 
 
sum = 60856
6140 
3588 
5969 
3308 
3063 
4591 
6575 
 
sum = 33234
1803 
8431 
1340 
5409 
12106 
5774 
 
sum = 34863
6812 
6740 
1025 
7512 
9778 
7297 
9872 
4269 
 
sum = 53305
7012 
1225 
6654 
4828 
4791 
1514 
4144 
5631 
6230 
2530 
6276 
2142 
 
sum = 52977
5884 
5873 
5068 
5132 
3739 
4874 
2798 
2461 
6577 
4926 
4343 
1450 
 
sum = 53125
68707 
 
sum = 68707
4992 
3372 
5660 
7139 
5052 
6115 
1749 
2810 
7021 
5529 
5782 
4395 
 
sum = 59616
1953 
4377 
6438 
1987 
5046 
3732 
4600 
5665 
5882 
1974 
6009 
3727 
1134 
 
sum = 52524
6339 
5628 
7716 
2740 
8091 
3185 
3877 
2099 
2812 
 
sum = 42487
1352 
1928 
2815 
7509 
1311 
6981 
4396 
4094 
3827 
2278 
2727 
 
sum = 39218
2249 
4138 
3251 
3581 
4657 
2234 
2070 
1525 
2206 
3512 
5139 
3792 
6039 
5885 
 
sum = 50278
5939 
1603 
6497 
4450 
4937 
1762 
1301 
4543 
6872 
4967 
1365 
5738 
2504 
 
sum = 52478
22837 
10301 
13380 
 
sum = 46518
3714 
1854 
 
sum = 5568
2320 
6723 
2994 
3402 
4840 
4613 
3460 
4068 
6575 
4539 
2139 
1206 
3238 
 
sum = 50117
1974 
11341 
4645 
12073 
2637 
 
sum = 32670
3876 
2380 
7305 
1130 
6134 
7401 
3911 
7322 
6264 
3299 
5164 
1688 
 
sum = 55874
5399 
3485 
6861 
4543 
10367 
10255 
 
sum = 40910
4451 
2902 
6043 
4384 
4023 
3587 
2836 
5649 
4765 
2051 
1471 
2365 
1038 
2452 
 
sum = 48017
11226 
13152 
4749 
9547 
 
sum = 38674
5099 
2983 
12118 
9251 
12847 
9391 
 
sum = 51689
23810 
22967 
13264 
 
sum = 60041
8898 
11599 
3103 
6687 
5592 
3559 
 
sum = 39438
14152 
2647 
9210 
 
sum = 26009
4675 
5105 
3400 
2991 
1688 
5839 
4746 
6007 
5103 
4212 
3419 
4335 
1974 
2035 
2263 
 
sum = 57792
3266 
1208 
4104 
5092 
1816 
4339 
4732 
1746 
2569 
5600 
2329 
1035 
4238 
6095 
5008 
 
sum = 53177
17154 
20316 
25661 
 
sum = 63131
1199 
 
sum = 1199
1285 
6497 
3073 
1862 
6437 
2001 
3807 
3519 
2338 
6727 
1258 
3402 
4825 
 
sum = 47031
6970 
8106 
9383 
12577 
 
sum = 37036
10963 
5485 
10936 
12139 
8948 
10772 
11053 
 
sum = 70296
24569 
16515 
12189 
 
sum = 53273
4741 
3247 
4106 
1423 
2540 
2549 
10404 
6570 
 
sum = 35580
10768 
23116 
9838 
 
sum = 43722
3655 
3142 
3835 
3542 
7419 
5830 
3956 
7272 
1539 
7260 
3636 
4308 
 
sum = 55394
1949 
5477 
3960 
1215 
2389 
5869 
5677 
2235 
4273 
6776 
5490 
5299 
4913 
 
sum = 55522
3272 
2331 
4138 
2958 
4780 
5427 
5949 
2894 
3669 
4201 
3000 
3387 
1227 
5110 
1990 
 
sum = 54333
7239 
18190 
17161 
16971 
 
sum = 59561
3742 
2960 
3810 
2564 
1972 
5363 
1675 
2370 
4486 
5243 
4833 
6036 
1590 
6058 
 
sum = 52702
4374 
3018 
4827 
4061 
2097 
4819 
2646 
6851 
3864 
1289 
3366 
3328 
2929 
 
sum = 47469
16680 
6361 
9020 
14141 
 
sum = 46202
12541 
12672 
12624 
 
sum = 37837
5794 
7699 
10020 
9455 
1716 
2567 
8294 
1179 
 
sum = 46724
8733 
6078 
10818 
2697 
10768 
5266 
5211 
 
sum = 49571
9435 
7619 
3382 
14870 
2752 
 
sum = 38058
5089 
1720 
1836 
6485 
6459 
4323 
5068 
5987 
2588 
6906 
6899 
4500 
 
sum = 57860
6132 
4466 
5913 
1613 
5151 
3915 
4656 
3483 
2387 
1811 
6147 
5757 
6699 
 
sum = 58130
4541 
1357 
5762 
1877 
2240 
4025 
5053 
1079 
6121 
8030 
5597 
 
sum = 45682
2463 
2185 
2126 
4766 
2069 
4302 
2072 
5028 
1581 
2359 
1914 
4554 
3730 
4141 
1625 
 
sum = 44915
5440 
7109 
6947 
4241 
7812 
7923 
9238 
6317 
4657 
 
sum = 59684
8064 
5655 
8309 
5404 
4639 
8986 
2719 
3403 
2541 
 
sum = 49720
6183 
5137 
7918 
7159 
3194 
3628 
5371 
1554 
3641 
5394 
6931 
 
sum = 56110
11367 
16399 
9440 
3911 
 
sum = 41117
7952 
5780 
9026 
1500 
3848 
8218 
9643 
6783 
 
sum = 52750
1841 
5956 
1547 
5079 
6979 
7912 
2992 
6197 
8715 
 
sum = 47218
31416 
13515 
 
sum = 44931
5752 
6402 
5541 
2444 
2944 
3826 
6410 
6654 
6195 
3130 
1380 
6102 
5668 
 
sum = 62448
3732 
5016 
1813 
5901 
2438 
1416 
8290 
5437 
2402 
7254 
 
sum = 43699
31293 
6165 
 
sum = 37458
24947 
 
sum = 24947
10582 
24078 
25144 
 
sum = 59804
11476 
12288 
4678 
4895 
16179 
 
sum = 49516
2580 
6573 
13083 
5326 
5067 
 
sum = 32629
30550 
 
sum = 30550
14659 
2596 
9144 
17320 
 
sum = 43719
3546 
14239 
16336 
15317 
5453 
 
sum = 54891
3977 
4131 
1046 
6956 
5174 
10004 
8796 
7734 
 
sum = 47818
3761 
4088 
2898 
6563 
1891 
3269 
1152 
4755 
3098 
5713 
4203 
2498 
2648 
 
sum = 46537
21485 
22269 
 
sum = 43754
1620 
1960 
2738 
2963 
1404 
1649 
7600 
1930 
3740 
5450 
7719 
 
sum = 38773
3500 
7419 
4550 
3240 
4553 
2453 
1545 
7036 
6217 
1822 
7939 
 
sum = 50274
17049 
12540 
17626 
 
sum = 47215
3626 
10619 
10814 
4500 
3733 
9168 
5404 
 
sum = 47864
3069 
6699 
2440 
5847 
2373 
4696 
6403 
3330 
6840 
5094 
7211 
 
sum = 54002
1378 
7603 
2366 
7951 
9178 
4302 
3611 
4883 
 
sum = 41272
6816 
4009 
6047 
1044 
1252 
2401 
6354 
4211 
5248 
2811 
1746 
2959 
 
sum = 44898
2576 
5322 
4474 
5253 
3873 
6448 
1624 
1986 
1986 
2540 
2250 
5397 
4203 
5733 
 
sum = 53665
1853 
5903 
5337 
1648 
7813 
8378 
5571 
5351 
6403 
 
sum = 48257
6127 
5397 
2123 
1893 
4920 
6195 
5524 
6428 
4728 
3850 
4327 
2792 
2969 
2220 
 
sum = 59493
1591 
4847 
2415 
1107 
1986 
3466 
6095 
7735 
4027 
2370 
7637 
 
sum = 43276
3856 
11292 
2699 
14112 
3518 
 
sum = 35477
5427 
2633 
6628 
2393 
3645 
2730 
6007 
3798 
1715 
2521 
5221 
5755 
6318 
 
sum = 54791
5191 
4058 
3958 
1219 
1664 
2551 
3534 
6406 
5722 
4383 
2105 
6376 
1774 
6175 
 
sum = 55116
14330 
9855 
17946 
 
sum = 42131
3386 
4396 
3669 
1958 
3971 
1358 
5917 
6026 
4452 
1188 
3052 
2668 
1651 
5408 
4088 
 
sum = 53188
5749 
2369 
2628 
4214 
1375 
3109 
2788 
6028 
4984 
3822 
4667 
6093 
3474 
 
sum = 51300
1556 
6494 
3916 
5611 
4326 
6483 
2510 
6131 
3110 
2554 
1847 
5859 
2238 
 
sum = 52635
1047 
11827 
3359 
8841 
11232 
5803 
9220 
 
sum = 51329
5555 
6553 
3903 
3149 
5458 
10593 
8455 
10770 
 
sum = 54436
10630 
7727 
6683 
4610 
7987 
7038 
9909 
4599 
 
sum = 59183
4637 
1682 
4114 
4940 
2386 
3909 
3110 
1393 
 
sum = 26171
6153 
4700 
5461 
7641 
2153 
5363 
 
sum = 31471
63414 
 
sum = 63414
4467 
1956 
5073 
1822 
9426 
3549 
6866 
4901 
9317 
 
sum = 47377
19947 
11533 
16836 
18062 
 
sum = 66378
7143 
5185 
13258 
3803 
 
sum = 29389
5299 
2684 
2610 
3416 
1783 
5055 
2894 
1164 
4200 
4558 
4380 
3465 
3395 
 
sum = 44903
4672 
2427 
6915 
2155 
3306 
4559 
2674 
2230 
6649 
7296 
3433 
 
sum = 46316
2191 
4437 
4644 
6313 
1187 
1602 
6811 
1299 
1541 
4973 
2073 
2231 
4216 
 
sum = 43518
4893 
8788 
5585 
10703 
9517 
6913 
1333 
 
sum = 47732
11440 
25326 
18092 
 
sum = 54858
10121 
6807 
4589 
6972 
5842 
8278 
6672 
4871 
 
sum = 54152
13690 
7766 
7778 
12899 
3329 
4407 
 
sum = 49869
7659 
15344 
17263 
13394 
 
sum = 53660
6028 
9037 
2459 
8859 
6934 
5789 
5622 
5893 
8267 
 
sum = 58888
10362 
 
sum = 10362
5313 
5005 
6354 
3387 
2019 
4933 
4843 
1508 
4066 
1121 
5027 
2157 
2712 
5325 
 
sum = 53770
35049 
 
sum = 35049
2068 
2489 
2968 
3176 
2835 
1518 
5949 
1106 
1685 
1485 
3896 
4946 
 
sum = 34121
5681 
7841 
5218 
5573 
2042 
5725 
6117 
3882 
5360 
1299 
3584 
 
sum = 52322
6516 
2684 
6887 
1375 
4296 
7171 
7693 
4603 
8239 
 
sum = 49464
7661 
8996 
3419 
4736 
5552 
7873 
8297 
4376 
 
sum = 50910
5516 
3278 
2425 
3308 
7722 
5739 
5177 
6738 
9194 
 
sum = 49097
13795 
12863 
8108 
9938 
2374 
12314 
 
sum = 59392
4931 
6334 
6636 
6256 
1945 
8716 
7054 
2035 
6715 
2180 
 
sum = 52802
21075 
7049 
23573 
 
sum = 51697
6985 
9970 
9153 
10475 
4568 
6395 
5514 
2117 
 
sum = 55177
4115 
2844 
1399 
3535 
4606 
1103 
1443 
5323 
4760 
3992 
5580 
1494 
3193 
5242 
4359 
 
sum = 52988
5161 
4143 
7753 
3973 
4318 
5862 
 
sum = 31210
1093 
1436 
1444 
4439 
1387 
2114 
4263 
5738 
4607 
5261 
4509 
1389 
4886 
4671 
1154 
 
sum = 48391
13316 
14156 
1452 
11726 
4234 
 
sum = 44884
8647 
7076 
1481 
1740 
6584 
4276 
1502 
1675 
4012 
7089 
 
sum = 44082
8636 
8325 
8445 
4384 
4778 
8110 
10100 
3155 
 
sum = 55933
19339 
8585 
5973 
9399 
 
sum = 43296
1783 
15809 
1729 
 
sum = 19321
3964 
1092 
5948 
8653 
2149 
3494 
7388 
7876 
9334 
 
sum = 49898
1211 
4258 
1428 
1096 
3758 
1416 
5969 
5451 
4933 
1057 
1399 
5513 
3655 
3350 
1564 
 
sum = 46058
4917 
3980 
5441 
1532 
5716 
2371 
1617 
3153 
1022 
1540 
3450 
2297 
1505 
5188 
2649 
 
sum = 46378
2683 
2317 
5457 
9576 
8251 
8707 
1755 
7220 
 
sum = 45966
4412 
10875 
10547 
6061 
6221 
2062 
9465 
 
sum = 49643
3382 
5259 
3723 
3240 
5556 
4985 
4318 
5831 
2944 
1993 
2127 
4208 
3354 
 
sum = 50920
6909 
7400 
4076 
3987 
1663 
7575 
7573 
8001 
1510 
3691 
 
sum = 52385
7569 
9266 
1750 
4823 
6919 
5647 
2972 
8801 
8260 
 
sum = 56007
3683 
5566 
8718 
4320 
7857 
2501 
1559 
8947 
 
sum = 43151
2798 
4808 
3952 
5628 
2242 
1378 
4920 
10266 
 
sum = 35992
1457 
7199 
1838 
5849 
6482 
4068 
7236 
1668 
2691 
 
sum = 38488
15285 
10046 
11923 
 
sum = 37254
1030 
2698 
3211 
7630 
4617 
3383 
1296 
7816 
6360 
7323 
3514 
 
sum = 48878
17686 
34956 
 
sum = 52642
7398 
2970 
5451 
1272 
1456 
6877 
2549 
4228 
5946 
6077 
6451 
6957 
 
sum = 57632
4599 
2727 
2828 
3147 
1487 
2387 
5140 
5558 
6931 
 
sum = 34804
4933 
6113 
2104 
6548 
5215 
5627 
6464 
3672 
6387 
3110 
1809 
2780 
1446 
 
sum = 56208
5186 
1672 
2253 
3198 
2294 
2995 
5943 
3154 
3667 
5065 
2833 
4049 
2298 
5234 
2856 
 
sum = 52697
3558 
2069 
2723 
3908 
6045 
2393 
4610 
1637 
4515 
3961 
1013 
1420 
3111 
1729 
 
sum = 42692
17556 
18719 
8542 
7803 
 
sum = 52620
1261 
4761 
5767 
4098 
3474 
6178 
6008 
8514 
1956 
 
sum = 42017
7007 
4158 
2967 
7673 
5076 
7086 
1105 
7095 
5155 
5637 
2208 
 
sum = 55167
4953 
5303 
5460 
5146 
2388 
2298 
1295 
6414 
6323 
4793 
5755 
3878 
1985 
2872 
 
sum = 58863
7697 
4701 
1005 
6777 
1763 
5264 
6781 
6600 
1924 
1746 
6696 
 
sum = 50954
3932 
3387 
4831 
5621 
5502 
1486 
6377 
6891 
5189 
6879 
2991 
2986 
3450 
 
sum = 59522
2929 
2641 
2704 
2693 
6820 
3719 
1908 
2612 
6381 
3258 
1002 
5008 
 
sum = 41675
7366 
34310 
 
sum = 41676
2798 
5125 
8729 
4928 
1009 
6350 
7994 
2082 
6524 
6253 
 
sum = 51792
1723 
1469 
2474 
4565 
1985 
3861 
5804 
3481 
4338 
3580 
2814 
2346 
1635 
4627 
 
sum = 44702
13779 
15932 
16875 
2148 
 
sum = 48734
8405 
11181 
7324 
10246 
11640 
9061 
2999 
 
sum = 60856
2635 
1534 
1223 
1013 
4713 
5928 
5200 
4605 
4520 
1525 
6818 
4778 
3059 
 
sum = 47551
3802 
2391 
8430 
10838 
5125 
3233 
11733 
 
sum = 45552
47671 
 
sum = 47671
11952 
2923 
3109 
4817 
4190 
3666 
11952 
 
sum = 42609
8561 
7214 
4010 
7247 
7555 
7647 
3618 
8425 
 
sum = 54277
2971 
3620 
5747 
7010 
5404 
2331 
2841 
8718 
2043 
5788 
 
sum = 46473
2245 
4763 
6360 
5985 
2177 
6117 
7552 
1784 
4680 
2854 
 
sum = 44517
6924 
1946 
5473 
3555 
1298 
1934 
10754 
8047 
 
sum = 39931
9028 
1819 
2994 
5197 
8253 
9841 
 
sum = 37132
6533 
1279 
4728 
3839 
1054 
2440 
2416 
2840 
4875 
 
sum = 30004
5537 
5579 
6856 
4320 
3616 
2177 
6398 
3270 
2763 
1654 
3765 
3727 
3373 
 
sum = 53035
6348 
1050 
4641 
4267 
5765 
7125 
2146 
2032 
5863 
3712 
6506 
5430 
 
sum = 54885
5288 
7292 
9531 
7158 
11662 
 
sum = 40931
8798 
8981 
9789 
16908 
 
sum = 44476
5016 
13660 
8515 
5994 
 
sum = 33185
4023 
6670 
6553 
4764 
1253 
3340 
5925 
1400 
2684 
5796 
1678 
3324 
 
sum = 47410
5489 
1836 
19472 
11219 
 
sum = 38016
1799 
4055 
7191 
3511 
9603 
3607 
4621 
8520 
8535 
 
sum = 51442
2786 
4514 
3546 
6248 
1984 
3742 
2448 
2319 
3698 
1658 
3949 
6408 
3281 
3804 
 
sum = 50385
7413 
3530 
8579 
19575 
 
sum = 39097
13921 
5842 
12657 
1413 
9693 
2867 
 
sum = 46393
1456 
4298 
1496 
6437 
4283 
2442 
3605 
5482 
6000 
3628 
2020 
2812 
2219 
3000 
 
sum = 49178
7965 
3790 
9640 
10772 
9856 
7923 
10390 
 
sum = 60336
6009 
2604 
8201 
11341 
7748 
6987 
 
sum = 42890
60028 
 
sum = 60028
7101 
5285 
9589 
11810 
11534 
4085 
1902 
 
sum = 51306
2519 
9496 
2703 
 
sum = 14718
3854 
5685 
3541 
3317 
2262 
5910 
3642 
3461 
5759 
3899 
1461 
2692 
6095 
4992 
3739 
 
sum = 60309
9302 
4237 
7146 
11412 
9320 
9865 
11517 
sum = 62799
max 1 = 70296
max 2 = 68707
max 3 = 66378
sum of max three = 205381
